  5.8154675e-001  1.1872557e+000
  5.4387874e-001  1.2554172e+000
  5.0525561e-001  1.0902656e+000
  5.2461248e-001  1.1268699e+000
  4.5124412e-001  1.3404732e+000
  6.1872997e-001  1.1379786e+000
  5.0413418e-001  1.2237149e+000
  6.2579502e-001  1.0413153e+000
  5.1848480e-001  1.1598515e+000
  5.6101713e-001  1.1229308e+000
  3.9876799e-001  1.1737319e+000
  4.5091843e-001  1.2976490e+000
  5.8721875e-001  1.2977815e+000
  4.5527161e-001  1.3170021e+000
  5.4041452e-001  1.2159311e+000
  4.7479793e-001  1.2499521e+000
  4.9050966e-001  1.0944625e+000
  4.0554631e-001  1.1549257e+000
  4.1106851e-001  1.3270378e+000
  5.6891992e-001  1.2898694e+000
  4.9685836e-001  1.2438705e+000
  4.4407388e-001  1.0752656e+000
  4.4643793e-001  1.2324667e+000
  5.6032144e-001  1.2390070e+000
  4.9606424e-001  1.1594862e+000
  5.3594347e-001  1.2292315e+000
  5.2776766e-001  1.4565910e+000
  5.5293533e-001  1.1542184e+000
  5.2803402e-001  1.0389173e+000
  4.0610335e-001  9.3304762e-001
  5.2625287e-001  1.1240303e+000
  5.7876133e-001  1.1325279e+000
  5.5100491e-001  1.0828313e+000
  3.3357820e-001  1.4032930e+000
  4.8083523e-001  1.2968481e+000
  4.7739421e-001  1.2670292e+000
  5.2225915e-001  1.2420146e+000
  4.6421795e-001  9.1272487e-001
  4.9985711e-001  1.3685874e+000
  6.1245577e-001  1.2027925e+000
  5.5933540e-001  1.1097969e+000
  5.1876706e-001  9.9467425e-001
  4.3535576e-001  1.2089086e+000
  4.9506504e-001  1.4087099e+000
  5.1035239e-001  1.2365118e+000
  4.6100345e-001  1.2846106e+000
  4.7643060e-001  1.1815462e+000
  5.2906592e-001  1.3030714e+000
  6.0904695e-001  1.0472377e+000
  3.2889908e-001  1.2964939e+000
  4.2312632e-001  1.2526163e+000
  5.7858535e-001  1.1815546e+000
  5.4071671e-001  1.2198783e+000
  4.8100520e-001  1.3590427e+000
  5.2899339e-001  1.2032192e+000
  4.3155300e-001  1.2889164e+000
  4.2849737e-001  1.0700848e+000
  5.2223816e-001  1.3182573e+000
  6.0612755e-001  1.3817472e+000
  5.5246027e-001  1.1415698e+000
  4.6446097e-001  1.0989326e+000
  5.6197096e-001  1.1039502e+000
  4.8263345e-001  1.2691160e+000
  4.4916257e-001  1.1241382e+000
  4.6884718e-001  1.1903028e+000
  4.5709622e-001  1.0593051e+000
  4.8535991e-001  1.3030812e+000
  5.3935035e-001  1.1240126e+000
  4.2552540e-001  1.2874127e+000
  5.2461123e-001  1.2761127e+000
  5.7930999e-001  1.1834077e+000
  5.1049960e-001  1.2300907e+000
  5.4922008e-001  1.1677533e+000
  4.9633119e-001  1.1631589e+000
  6.4129473e-001  1.3147895e+000
  5.6469116e-001  1.2041430e+000
  3.7301197e-001  1.0901950e+000
  5.0244813e-001  1.3566724e+000
  3.7344966e-001  1.0951577e+000
  5.7197348e-001  1.2422724e+000
  5.2762202e-001  1.1155586e+000
  5.4475839e-001  1.1688370e+000
  5.6119490e-001  1.2397810e+000
  6.2266812e-001  1.3049786e+000
  4.7759644e-001  1.1659204e+000
  4.9038103e-001  1.2336297e+000
  5.4310387e-001  1.1778639e+000
  5.6845258e-001  1.2016649e+000
  4.2192566e-001  1.0807639e+000
  4.6149850e-001  1.1868354e+000
  5.0279194e-001  1.3487524e+000
  3.2620102e-001  1.1163179e+000
  5.8110583e-001  1.0699018e+000
  4.2816044e-001  1.3574132e+000
  5.8074409e-001  1.3166040e+000
  4.4494804e-001  1.2786430e+000
  5.4443660e-001  1.0538361e+000
  5.5742868e-001  1.3554466e+000
  4.8767814e-001  1.1402465e+000
  5.3937317e-001  1.0789432e+000
  5.5946624e-001  8.3369370e-001
  7.7128588e-001  7.9946975e-001
  8.3052713e-001  8.9082206e-001
  7.4313423e-001  8.7638777e-001
  6.4722076e-001  5.5152758e-001
  1.0604880e+000  1.1033417e+000
  5.7140317e-001  6.7357927e-001
  7.2191101e-001  5.6771492e-001
  5.5619246e-001  5.5078200e-001
  7.8412551e-001  9.8902853e-001
  3.1377326e-001  7.1811044e-001
  8.3205996e-001  1.2908052e+000
  4.7949808e-001  7.1030002e-001
  6.7940587e-001  7.2171908e-001
  4.8803969e-001  8.3225359e-001
  4.5228681e-001  5.1418807e-001
  3.2215279e-001  6.9444490e-001
  5.0528309e-001  4.3378932e-001
  7.4242317e-001  9.5980447e-001
  7.9868840e-001  8.1053781e-001
  1.0094353e+000  5.0469953e-001
  8.2898655e-001  7.6392002e-001
  2.7032820e-001  6.7069676e-001
  4.9423109e-001  1.0277614e+000
  6.7168358e-001  1.0228845e+000
  1.9465878e-001  8.8163053e-001
  6.3740370e-001  8.4826273e-001
  5.8127648e-001  9.1014674e-001
  7.6646443e-001  5.9654620e-001
  8.1177014e-001  8.2288390e-001
  8.7997671e-001  6.7041723e-001
  6.5982023e-001  9.2285592e-001
  6.5325301e-001  7.1447638e-001
  9.8998132e-001  1.1248761e+000
  1.0672264e+000  7.8448005e-001
  6.2341635e-001  1.0043487e+000
  7.3101655e-001  7.4293113e-001
  5.0707035e-001  4.4973423e-001
  7.0775129e-001  8.2307468e-001
  8.5309168e-001  7.1026803e-001
  5.8109520e-001  4.7205566e-001
  7.2604920e-001  7.9586556e-001
  7.0700270e-001  8.0423805e-001
  5.7506517e-001  6.7672796e-001
  5.9204495e-001  1.0253921e+000
  1.0759914e+000  5.9049345e-001
  4.9923011e-001  5.6265188e-001
  6.0051082e-001  7.4951331e-001
  3.9912057e-001  8.2921723e-001
  6.8091014e-001  6.4826137e-001
  7.7934541e-001  6.9634284e-001
  5.9457702e-001  5.3357191e-001
  7.6891421e-001  1.1528267e+000
  5.5534189e-001  1.1388062e+000
  9.5363867e-001  4.4569412e-001
  6.9375147e-001  1.1378637e+000
  8.5564235e-001  5.7083193e-001
  1.1360967e+000  6.8916848e-001
  7.8756274e-001  8.6105062e-001
  9.6666580e-001  6.8515063e-001
  7.5021563e-001  1.0177629e+000
  6.3790582e-001  9.9445970e-001
  5.1539926e-001  4.3080437e-001
  6.2304485e-001  5.3645394e-001
  9.3163611e-001  5.9801616e-001
  8.7250004e-001  8.3419776e-001
  4.9305888e-001  6.6332539e-001
  6.6146542e-001  8.9125040e-001
  4.4005544e-001  7.9557138e-001
  7.6131918e-001  5.4660163e-001
  8.9379844e-001  7.7797207e-001
  5.5053657e-001  6.0038223e-001
  1.4079512e-001  6.2420501e-001
  8.3934631e-001  1.0289661e+000
  1.3413815e+000  4.2046177e-001
  8.0720141e-001  3.4700283e-001
  7.5969011e-001  8.4834338e-001
  7.5680863e-001  4.3900494e-001
  8.9193287e-001  7.2187818e-001
  1.1175186e+000  7.9898873e-001
  1.0049361e+000  6.9650830e-001
  6.6094784e-001  6.3595090e-001
  7.0345206e-001  7.1254664e-001
  7.4926809e-001  9.9171133e-001
  5.2910306e-001  6.2222907e-001
  9.3155654e-001  8.7110806e-001
  7.3238154e-001  6.2510389e-001
  1.0114128e+000  8.6444562e-001
  6.6129123e-001  6.0511790e-001
  1.0302602e+000  9.8843910e-001
  3.2024436e-001  7.8734935e-001
  1.0645050e+000  1.0689878e+000
  3.9631697e-001  8.1426141e-001
  4.8978588e-001  9.2336815e-001
  7.0998610e-001  1.0083687e+000
  4.0905023e-001  8.3686253e-001
  7.9330917e-001  6.7275861e-001
  8.0908737e-001  7.2748725e-001
  9.6406381e-001  5.5713338e-001
  6.1910113e-001  3.3854976e-001
